38,35
10,166
10,232
10,186
10,204
10,206
10,112
10,114
10,244
10,2
10,3
9,7
9,4
9,6
9,2
9,3
8,12
8,9
8,17
8,11
8,4
31,3
31,2
31,1
31,0
30,3
30,2
30,1
30,0
29,3
29,2
29,1
29,0
28,3
28,2
28,1
28,0
26,3
26,1
24,3
24,1
12,3
20,2
12,2
20,1
12,1
20,3
11,28
11,27
11,26
11,24
11,23
11,22
11,20
11,18
11,17
11,16
11,15
11,14
11,13
11,12
11,10
11,9
11,8
11,7
11,6
11,5
11,4
11,3
19,2
19,1
11,2
19,3
11,1
10,299
10,288
10,278
10,264
10,259
10,251
10,247
10,242
10,229
10,228
10,223
10,201
10,199
10,185
10,181
10,171
10,159
10,157
10,154
10,149
